4294967279,27
4294967279,26
4294967279,25
4294967279,44
4294967279,43
4294967279,42
4294967279,41
4294967279,40
4294967279,37
4294967279,35
4294967279,34
4294967279,33
4294967279,32
4294967279,31
4294967279,30
4294967279,29
4294967279,28
4294967279,152
4294967279,403
4294967279,39
4294967278,327
4294967279,402
4294967279,38
4294967279,36
4294967278,147
4294967279,147
4294967278,146
4294967279,146
4294967278,143
4294967278,145
20,5
20,4
4294967278,144
20,3
20,2
20,1
4294967278,326
4294967279,66
4294967279,65
4294967279,64
4294967279,63
4294967279,62
4294967279,61
4294967279,60
4294967279,59
4294967279,58
4294967279,57
4294967279,56
4294967279,55
4294967279,54
4294967279,53
4294967279,52
4294967279,51
4294967279,50
4294967279,49
4294967279,48
4294967279,47
4294967279,46
4294967279,45
4294967278,142
4294967279,401
4294967278,325
4294967278,140
4294967279,107
4294967279,106
4294967279,105
4294967279,104
4294967279,103
4294967279,102
4294967279,101
4294967279,100
4294967279,99
4294967279,98
4294967279,97
4294967279,96
4294967279,95
4294967279,94
4294967279,93
4294967279,92
4294967279,91
4294967279,90
4294967279,89
4294967279,87
4294967279,86
4294967279,85
4294967279,84
4294967279,83
4294967279,82
4294967279,81
4294967279,80
4294967279,79
4294967279,78
4294967279,77
4294967279,76
4294967279,75
4294967279,74
4294967279,73
4294967279,72
4294967279,71
4294967279,70
4294967279,69
4294967279,68
4294967279,67
4294967294,439
4294967279,400
4294967279,138
4294967278,276
4294967278,137
4294967279,278
4294967278,136
4294967279,136
4294967278,135
4294967278,275
4294967279,135
4294967279,276
4294967278,134
4294967279,133
4294967278,274
4294967279,399
4294967278,271
4294967279,272
4294967279,274
19,5
4294967278,270
19,4
4294967279,273
19,3
19,2
19,1
4294967279,289
4294967278,269
4294967278,266
4294967279,271
4294967279,398
4294967278,267
4294967279,270
18,5
4294967278,265
4294967279,287
4294967278,280
18,4
4294967279,267
18,3
18,2
18,1
4294967279,286
4294967278,264
4294967294,1426
4294967294,1166
4294967279,266
4294967294,1160
4294967278,262
4294967278,324
4294967279,397
4294967278,258
4294967279,284
4294967278,257
4294967279,259
4294967279,396
4294967278,323
4294967279,258
4294967279,395
4294967278,322
4294967278,321
4294967278,25
4294967278,24
4294967278,23
4294967278,22
4294967278,21
4294967278,20
4294967278,19
4294967278,18
4294967278,17
4294967278,16
4294967278,15
4294967278,14
4294967278,13
4294967278,12
4294967278,11
4294967278,10
4294967278,9
4294967278,8
4294967278,7
4294967278,6
4294967278,5
4294967278,4
4294967279,132
4294967279,131
4294967279,128
4294967279,126
4294967279,124
4294967279,123
4294967279,122
4294967279,118
4294967279,243
4294967279,117
4294967279,116
4294967279,115
4294967279,239
4294967279,114
4294967279,113
4294967279,112
4294967279,111
4294967279,110
4294967279,229
4294967279,109
4294967279,108
4294967294,1242
4294967279,394
4294967279,130
4294967294,1078
4294967294,409
4294967294,395
4294967294,413
4294967294,1244
4294967294,421
4294967294,178
4294967294,407
4294967294,398
4294967294,599
4294967294,406
4294967294,403
4294967294,1083
4294967294,160
4294967278,256
4294967279,393
4294967279,129
4294967278,320
4294967279,392
4294967279,127
4294967278,319
4294967279,255
4294967278,318
4294967279,391
4294967279,125
4294967278,252
4294967278,254
16,5
4294967279,254
16,4
4294967278,253
16,3
16,2
16,1
4294967278,317
4294967279,253
4294967279,247
4294967279,390
4294967279,121
4294967278,249
4294967279,389
4294967279,120
4294967278,246
4294967278,247
4294967279,119
4294967278,244
4294967294,392
4294967294,115
4294967278,242
4294967278,243
4294967278,240
4294967278,239
4294967279,388
4294967278,316
4294967278,230
15,6
4294967278,234
15,5
15,4
4294967278,232
15,3
15,2
15,1
4294967278,231
4294967278,229
4294967278,227
4294967278,225
4294967278,222
4294967278,220
4294967278,221
4294967278,218
4294967278,217
4294967278,214
4294967278,211
4294967278,213
4294967278,212
4294967278,315
4294967294,388
4294967278,208
4294967279,387
4294967278,314
4294967278,313
13,5
4294967278,207
4294967278,206
13,4
13,3
